FluorPen ASCII Export File
-----------------------------------
File Name: Untitled - 1
-----------------------------------

time	14:21:55  10.10.2023	14:22:20  10.10.2023	14:22:49  10.10.2023	14:23:28  10.10.2023	14:24:18  10.10.2023	14:24:51  10.10.2023	14:25:22  10.10.2023	14:26:21  10.10.2023	14:27:43  10.10.2023	14:28:14  10.10.2023	14:28:42  10.10.2023	14:29:08  10.10.2023	14:30:40  10.10.2023	14:31:06  10.10.2023	14:31:31  10.10.2023	14:32:32  10.10.2023	14:33:17  10.10.2023	14:33:48  10.10.2023	14:34:15  10.10.2023	14:34:51  10.10.2023	14:35:35  10.10.2023	14:36:07  10.10.2023	14:37:18  10.10.2023	14:38:47  10.10.2023	14:40:33  10.10.2023	14:40:56  10.10.2023	14:41:17  10.10.2023	14:41:43  10.10.2023	14:42:43  10.10.2023	14:43:06  10.10.2023	14:43:42  10.10.2023	14:44:10  10.10.2023	14:45:03  10.10.2023	14:45:33  10.10.2023	14:45:59  10.10.2023	14:46:21  10.10.2023	14:48:32  10.10.2023	14:48:59  10.10.2023	14:49:26  10.10.2023	14:50:27  10.10.2023	14:50:56  10.10.2023	14:51:21  10.10.2023	14:51:45  10.10.2023	14:52:09  10.10.2023	14:52:43  10.10.2023	14:53:12  10.10.2023	14:53:41  10.10.2023	14:54:05  10.10.2023	14:55:31  10.10.2023	14:55:53  10.10.2023	14:56:36  10.10.2023	14:57:31  10.10.2023	14:58:23  10.10.2023	14:59:03  10.10.2023	14:59:26  10.10.2023	14:59:50  10.10.2023	15:01:03  10.10.2023	15:01:25  10.10.2023	15:01:51  10.10.2023	15:02:18  10.10.20
Bckg	319	368	249	195	269	269	279	209	229	249	289	428	438	309	309	269	418	338	40827	348	249	239	239	658	219	299	219	259	329	319	338	275	260	329	358	239	428	289	319	338	329	358	438	329	279	279	249	239	428	269	217	250	325	309	209	249	214	212	239	229	
Fo	4675	4317	5204	3379	4965	3988	4067	4167	4995	5144	3818	5185	3749	4666	3559	3399	3749	3949	0	4188	5134	3958	4167	3140	5284	3549	4227	4327	3708	4007	4866	134	6144	5204	4307	4247	4407	5015	5214	4726	4815	3789	5075	4875	4396	4337	4865	4765	3958	4636	146	136	4876	4586	4586	4875	133	135	4078	5344	
Fj	14267	11944	17318	3900	16560	12412	13100	12522	16231	18085	9840	17727	10877	15692	10857	10977	11775	11626	0	14377	18026	12582	12173	9162	17088	10737	13639	14696	8384	12791	15045	142	20839	14875	13978	13499	14397	15264	15294	14696	13938	10947	15753	15523	14037	10967	16012	16779	8664	13639	154	146	10761	14805	14566	15084	144	144	11934	12921	
Fi	20608	17059	22682	3900	24027	17427	19282	17856	20319	26370	15523	26540	15274	23180	15882	15802	16640	16949	0	21087	26620	18055	17088	13359	24606	15583	20568	21365	14097	20408	22642	142	27796	18893	22473	20378	22323	21315	25662	20040	19840	15913	22014	24426	19341	16470	22103	26610	13619	16550	154	147	16158	20049	18524	17846	146	144	16570	19790	
Fm	28773	24596	30687	3900	32173	24656	26420	24676	27348	35044	23828	34337	22134	30907	22472	22891	23848	24078	0	28884	34506	25174	23818	18354	33040	23030	29272	29042	21674	29301	30539	143	34916	25822	30868	28464	30259	29092	35273	27837	27028	22453	29541	32771	26620	19690	29950	34985	18455	23120	156	153	20579	27975	25393	23788	158	156	24705	29222	
Fv	24098	20279	25483	521	27208	20668	22353	20509	22353	29900	20010	29152	18385	26241	18913	19492	20099	20129	0	24696	29372	21216	19651	15214	27756	19481	25045	24715	17966	25294	25673	9	28772	20618	26561	24217	25852	24077	30059	23111	22213	18664	24466	27896	22224	15353	25085	30220	14497	18484	10	17	15703	23389	20807	18913	25	21	20627	23878	
Vj	0.398	0.376	0.475	1.000	0.426	0.408	0.404	0.407	0.503	0.433	0.301	0.430	0.388	0.420	0.386	0.389	0.399	0.381	0.000	0.413	0.439	0.406	0.407	0.396	0.425	0.369	0.376	0.420	0.260	0.347	0.396	0.889	0.511	0.469	0.364	0.382	0.386	0.426	0.335	0.431	0.411	0.384	0.436	0.382	0.434	0.432	0.444	0.398	0.325	0.487	0.800	0.588	0.375	0.437	0.480	0.540	0.440	0.429	0.381	0.317	
Vi	0.661	0.628	0.686	1.000	0.701	0.650	0.681	0.667	0.686	0.710	0.585	0.733	0.627	0.706	0.652	0.636	0.641	0.646	0.000	0.684	0.732	0.664	0.658	0.672	0.696	0.618	0.652	0.689	0.578	0.648	0.692	0.889	0.753	0.664	0.684	0.666	0.693	0.677	0.680	0.663	0.676	0.650	0.692	0.701	0.672	0.790	0.687	0.723	0.666	0.645	0.800	0.647	0.718	0.661	0.670	0.686	0.520	0.429	0.606	0.605	
Fm/Fo	6.155	5.697	5.897	1.154	6.480	6.183	6.496	5.922	5.475	6.813	6.241	6.622	5.904	6.624	6.314	6.735	6.361	6.097	0.000	6.897	6.721	6.360	5.716	5.845	6.253	6.489	6.925	6.712	5.845	7.312	6.276	1.067	5.683	4.962	7.167	6.702	6.866	5.801	6.765	5.890	5.613	5.926	5.821	6.722	6.056	4.540	6.156	7.342	4.663	4.987	1.068	1.125	4.220	6.100	5.537	4.880	1.188	1.156	6.058	5.468	
Fv/Fo	5.155	4.697	4.897	0.154	5.480	5.183	5.496	4.922	4.475	5.813	5.241	5.622	4.904	5.624	5.314	5.735	5.361	5.097	0.000	5.897	5.721	5.360	4.716	4.845	5.253	5.489	5.925	5.712	4.845	6.312	5.276	0.067	4.683	3.962	6.167	5.702	5.866	4.801	5.765	4.890	4.613	4.926	4.821	5.722	5.056	3.540	5.156	6.342	3.663	3.987	0.068	0.125	3.220	5.100	4.537	3.880	0.188	0.156	5.058	4.468	
Fv/Fm	0.838	0.824	0.830	0.134	0.846	0.838	0.846	0.831	0.817	0.853	0.840	0.849	0.831	0.849	0.842	0.852	0.843	0.836	0.000	0.855	0.851	0.843	0.825	0.829	0.840	0.846	0.856	0.851	0.829	0.863	0.841	0.063	0.824	0.798	0.860	0.851	0.854	0.828	0.852	0.830	0.822	0.831	0.828	0.851	0.835	0.780	0.838	0.864	0.786	0.799	0.064	0.111	0.763	0.836	0.819	0.795	0.158	0.135	0.835	0.817	
Mo	0.415	0.391	0.505	4.000	0.449	0.367	0.366	0.401	0.485	0.451	0.303	0.447	0.362	0.412	0.331	0.311	0.361	0.376	0.000	0.379	0.491	0.376	0.398	0.322	0.474	0.297	0.353	0.410	0.264	0.301	0.405	1.778	0.660	0.576	0.362	0.357	0.383	0.513	0.383	0.466	0.427	0.372	0.492	0.417	0.425	0.465	0.499	0.410	0.374	0.557	2.800	1.882	0.472	0.452	0.508	0.609	1.600	1.714	0.342	0.394	
Area	18216070	13989151	14323035	396132	14027864	12793780	15050739	13267644	11719085	13650076	13625442	19240236	11909727	12610498	11611690	13138141	12340930	15113083	-40	9372184	13775659	13639853	9634997	8731932	16513146	13241526	15532631	16977978	14287917	18407882	17054100	28447	10693131	9738991	18076324	18654976	10546360	10751695	17177028	11382247	10585150	11990308	10127186	16123008	10341698	38176948	11768573	16494513	28030700	11712020	17261	279792	39006880	14467336	11859388	9726209	288630	171235	15272623	14681704
Fix Area	27702278	23573888	29633814	3906448	31061990	23627406	25348040	23615254	26469226	33932396	22675950	33302250	21192768	29890968	21490122	21825406	22822002	23051722	-6216230	27620142	33398432	24190070	22927800	17516114	32008836	21981762	28101946	27997384	20567510	28072128	29559838	140087	34027256	24953254	29790046	27470404	29282384	28164898	34096248	26939964	26239524	21620128	28695890	31826722	25738350	19084446	29096826	33967352	17597218	22329606	154688	148337	19535476	27036602	24538322	23027092	147272	148459	23663736	28109946	
HACH Area	23027464	19257060	24430022	527583	26097188	19639566	21281204	19448420	21474426	28788600	18858102	28117458	17443918	25225156	17931264	18426542	19073152	19102880	-6216230	23432310	28264638	20232228	18760966	14376239	26725048	18432904	23875114	23670556	16859658	24065290	24694032	6093	27883504	19749462	25483218	23223574	24875560	23150100	28882458	22214154	21424716	17831280	23621094	26951916	21342526	14747619	24232022	29202542	13639377	17693792	8694	12343	14659672	22450784	19952506	18152288	14277	13464	19585898	22766160	
Sm	755.916	689.834	562.062	760.331	515.579	619.014	673.321	646.918	524.273	456.524	680.932	659.997	647.796	480.565	613.953	674.027	614.007	750.811	0.000	379.502	469.007	642.904	490.306	573.941	594.940	679.715	620.189	686.950	795.275	727.757	664.282	3160.792	371.651	472.354	680.559	770.326	407.951	446.555	571.444	492.503	476.530	642.430	413.929	577.968	465.339	2486.612	469.148	545.814	1933.552	633.630	1726.194	16458.377	2484.040	618.553	569.971	514.260	11545.207	8154.087	740.419	614.863
Ss	0.958	0.961	0.941	0.250	0.950	1.112	1.105	1.017	1.036	0.960	0.993	0.962	1.070	1.021	1.166	1.250	1.106	1.013	0.000	1.087	0.893	1.081	1.024	1.228	0.897	1.243	1.063	1.024	0.985	1.153	0.978	0.500	0.774	0.814	1.006	1.069	1.010	0.829	0.875	0.926	0.961	1.031	0.887	0.914	1.020	0.929	0.890	0.969	0.868	0.875	0.286	0.312	0.794	0.967	0.944	0.886	0.275	0.250	1.113	0.805
N	789.015	717.782	597.603	3041.326	542.658	556.701	609.440	636.156	506.169	475.539	685.681	686.203	605.264	470.889	526.630	539.364	555.406	740.934	0.000	349.072	525.177	594.597	478.670	467.387	663.284	546.949	583.289	670.984	807.521	631.319	679.226	6321.583	480.225	580.442	676.407	720.369	403.949	538.532	653.305	531.923	495.804	622.864	466.881	632.031	456.217	2676.389	527.102	563.533	2228.556	724.068	6041.680	52666.809	3128.582	639.678	603.553	580.501	41982.574	32616.350	665.020	763.771
Phi_Po	0.838	0.824	0.830	0.134	0.846	0.838	0.846	0.831	0.817	0.853	0.840	0.849	0.831	0.849	0.842	0.852	0.843	0.836	1.000	0.855	0.851	0.843	0.825	0.829	0.840	0.846	0.856	0.851	0.829	0.863	0.841	0.063	0.824	0.798	0.860	0.851	0.854	0.828	0.852	0.830	0.822	0.831	0.828	0.851	0.835	0.780	0.838	0.864	0.786	0.799	0.064	0.111	0.763	0.836	0.819	0.795	0.158	0.135	0.835	0.817
Psi_o	0.602	0.624	0.525	0.000	0.574	0.592	0.596	0.593	0.497	0.567	0.699	0.570	0.612	0.580	0.614	0.611	0.601	0.619	1.000	0.587	0.561	0.594	0.593	0.604	0.575	0.631	0.624	0.580	0.740	0.653	0.604	0.111	0.489	0.531	0.636	0.618	0.614	0.574	0.665	0.569	0.589	0.616	0.564	0.618	0.566	0.568	0.556	0.602	0.675	0.513	0.200	0.412	0.625	0.563	0.520	0.460	0.560	0.571	0.619	0.683
Phi_Eo	0.504	0.514	0.436	0.000	0.485	0.497	0.504	0.493	0.407	0.484	0.587	0.484	0.509	0.492	0.517	0.520	0.506	0.517	1.000	0.502	0.478	0.500	0.489	0.501	0.483	0.534	0.534	0.494	0.613	0.563	0.507	0.007	0.403	0.424	0.547	0.526	0.524	0.475	0.566	0.472	0.484	0.512	0.467	0.526	0.473	0.443	0.465	0.520	0.531	0.410	0.013	0.046	0.477	0.471	0.426	0.366	0.089	0.077	0.517	0.558	
Phi_Do	0.162	0.176	0.170	0.866	0.154	0.162	0.154	0.169	0.183	0.147	0.160	0.151	0.169	0.151	0.158	0.148	0.157	0.164	0.000	0.145	0.149	0.157	0.175	0.171	0.160	0.154	0.144	0.149	0.171	0.137	0.159	0.937	0.176	0.202	0.140	0.149	0.146	0.172	0.148	0.170	0.178	0.169	0.172	0.149	0.165	0.220	0.162	0.136	0.214	0.201	0.936	0.889	0.237	0.164	0.181	0.205	0.842	0.865	0.165	0.183	
Phi_Pav	942.639	929.918	930.475	999.523	924.500	923.917	931.414	924.441	928.288	923.845	919.893	947.119	925.128	923.901	920.048	923.301	921.409	934.563	0.000	897.284	924.943	931.574	916.002	912.062	940.129	924.950	928.292	940.446	926.363	935.399	943.910	986.658	923.503	916.276	942.054	947.612	913.305	920.210	933.578	925.882	928.883	934.217	922.494	943.195	921.428	978.442	931.976	939.901	966.434	935.295	991.332	971.879	961.377	937.514	931.049	925.840	936.029	953.148	934.371	927.622
Pi_Abs	6.255	6.175	4.221	0.000	5.929	7.021	7.576	6.051	3.748	6.239	10.152	6.080	6.885	6.724	8.298	9.594	7.514	7.004	0.000	7.804	5.559	7.132	5.797	7.528	5.349	9.869	8.953	6.885	11.242	11.807	6.603	0.000	2.861	2.914	9.324	8.391	8.036	4.445	8.517	4.955	5.229	6.789	4.571	7.215	5.619	3.374	4.806	8.041	5.194	2.938	0.000	0.003	3.255	5.314	3.809	2.330	0.010	0.007	7.644	6.323
ABS/RC	1.246	1.262	1.280	29.942	1.245	1.073	1.070	1.183	1.181	1.221	1.199	1.225	1.125	1.154	1.019	0.940	1.073	1.180	0.000	1.076	1.315	1.097	1.183	0.982	1.327	0.951	1.099	1.148	1.225	1.005	1.216	31.778	1.568	1.539	1.155	1.099	1.159	1.457	1.342	1.301	1.266	1.166	1.362	1.285	1.174	1.380	1.341	1.195	1.467	1.429	54.600	28.800	1.651	1.237	1.292	1.420	22.982	29.714	1.076	1.520
TRo/RC	1.044	1.041	1.063	4.000	1.053	0.899	0.905	0.983	0.965	1.042	1.007	1.040	0.934	0.980	0.858	0.800	0.905	0.987	0.000	0.920	1.120	0.925	0.976	0.814	1.115	0.805	0.941	0.977	1.015	0.867	1.022	2.000	1.292	1.229	0.994	0.935	0.990	1.206	1.143	1.080	1.040	0.970	1.128	1.094	0.980	1.076	1.124	1.032	1.153	1.143	3.500	3.200	1.259	1.034	1.059	1.129	3.636	4.000	0.898	1.242
ETo/RC	0.628	0.649	0.558	0.000	0.604	0.533	0.539	0.583	0.480	0.591	0.704	0.592	0.572	0.568	0.527	0.489	0.543	0.610	0.000	0.540	0.628	0.549	0.579	0.492	0.641	0.508	0.587	0.567	0.751	0.566	0.617	0.222	0.632	0.652	0.632	0.578	0.608	0.693	0.760	0.614	0.613	0.598	0.636	0.676	0.555	0.612	0.624	0.622	0.778	0.586	0.700	1.318	0.787	0.582	0.551	0.519	2.036	2.286	0.556	0.848
DIo/RC	0.202	0.222	0.217	25.942	0.192	0.174	0.165	0.200	0.216	0.179	0.192	0.185	0.191	0.174	0.161	0.140	0.169	0.194	0.000	0.156	0.196	0.173	0.207	0.168	0.212	0.147	0.159	0.171	0.210	0.137	0.194	29.778	0.276	0.310	0.161	0.164	0.169	0.251	0.198	0.221	0.226	0.197	0.234	0.191	0.194	0.304	0.218	0.163	0.315	0.287	51.100	25.600	0.391	0.203	0.233	0.291	19.345	25.714	0.178	0.278
