FluorPen ASCII Export File
-----------------------------------
File Name: Untitled - 1
-----------------------------------

time	14:00:55  24.11.2023	14:01:14  24.11.2023	14:01:38  24.11.2023	14:02:10  24.11.2023	14:02:40  24.11.2023	14:03:03  24.11.2023	14:03:21  24.11.2023	14:03:41  24.11.2023	14:04:10  24.11.2023	14:04:28  24.11.2023	14:04:46  24.11.2023	14:05:05  24.11.2023	14:06:20  24.11.2023	14:06:38  24.11.2023	14:06:57  24.11.2023	14:07:15  24.11.2023	14:07:41  24.11.2023	14:07:59  24.11.2023	14:08:17  24.11.2023	14:08:43  24.11.2023	14:09:43  24.11.2023	14:10:07  24.11.2023	14:10:25  24.11.2023	14:10:45  24.11.2023	14:11:42  24.11.2023	14:12:02  24.11.2023	14:12:26  24.11.2023	14:13:59  24.11.2023	14:14:27  24.11.2023	14:14:46  24.11.2023	14:15:06  24.11.2023	14:15:27  24.11.2023	14:16:16  24.11.2023	14:16:39  24.11.2023	14:17:22  24.11.2023	14:17:41  24.11.2023	14:18:43  24.11.2023	14:19:04  24.11.2023	14:19:23  24.11.2023	14:19:42  24.11.2023	14:20:14  24.11.2023	14:20:34  24.11.2023	14:20:51  24.11.2023	14:21:13  24.11.2023	14:21:49  24.11.2023	14:22:07  24.11.2023	14:22:26  24.11.2023	14:22:43  24.11.2023	14:36:22  24.11.2023	14:36:50  24.11.2023	14:37:17  24.11.2023	14:37:37  24.11.2023	14:37:56  24.11.2023	14:38:18  24.11.2023	14:38:38  24.11.2023	14:38:56  24.11.2023	14:39:31  24.11.2023	14:39:49  24.11.2023	14:40:07  24.11.2023	14:40:25  24.11.2023	
Bckg	259	299	390	259	292	325	325	325	229	319	325	552	357	422	279	487	279	390	348	428	422	455	422	438	259	520	325	408	398	368	279	378	325	552	455	329	388	422	552	390	388	357	357	338	520	487	520	520	292	357	292	292	292	229	269	259	279	358	299	309	
Fo	5194	5483	6404	4785	5559	5461	5624	5884	5104	4656	5104	5169	5202	5202	4975	5007	5015	5787	4906	5045	5950	5657	6080	5025	5174	6274	5884	5314	5025	5195	5742	5334	6112	4942	6209	5433	5215	6535	5365	5266	4746	5332	5917	5693	5299	5137	5624	5331	6177	5332	6340	5755	6307	4865	5374	5334	5104	4995	5314	4925	
Fj	15603	16580	19506	14008	17719	17686	17198	18921	16490	13499	16125	14468	15898	15605	14745	13980	15643	16450	13779	14467	16646	15995	17459	13480	15054	17133	17230	16162	13450	15274	18873	16122	17881	9558	19084	15124	15095	18304	15605	15410	13181	15313	16223	16571	13752	14403	17263	16060	19702	16386	20905	17784	21132	15543	17098	17098	15892	13938	16101	14097	
Fi	24536	19611	20189	15942	23538	21945	20286	24448	20049	16091	18889	19442	19702	21230	17916	15313	18743	18011	20947	15633	17198	16970	19604	14995	16879	20384	19181	21974	15633	16551	22691	18166	18791	17621	21554	17856	17049	18889	20905	23668	14576	16321	17784	18006	17296	17394	19994	18759	28740	26367	25261	21360	24221	20378	22731	20528	22203	20708	21016	19232	
Fm	34017	27626	27764	22612	32739	30267	27797	34201	29561	24157	27016	28317	29000	29650	24566	22758	26281	24285	30897	21974	23928	24220	26464	22144	24247	27667	27179	31645	21884	24018	31625	26451	25813	22563	29780	25194	23091	25099	28967	31535	20887	23311	24708	25683	23505	24286	27732	27244	38883	35827	34657	29748	32576	30139	31455	29441	31475	29003	30558	28544	
Fv	28823	22143	21360	17827	27180	24806	22173	28317	24457	19501	21912	23148	23798	24448	19591	17751	21266	18498	25991	16929	17978	18563	20384	17119	19073	21393	21295	26331	16859	18823	25883	21117	19701	17621	23571	19761	17876	18564	23602	26269	16141	17979	18791	19990	18206	19149	22108	21913	32706	30495	28317	23993	26269	25274	26081	24107	26371	24008	25244	23619	
Vj	0.361	0.501	0.613	0.517	0.447	0.493	0.522	0.460	0.466	0.453	0.503	0.402	0.449	0.426	0.499	0.505	0.500	0.576	0.341	0.557	0.595	0.557	0.558	0.494	0.518	0.508	0.533	0.412	0.500	0.535	0.507	0.511	0.597	0.262	0.546	0.490	0.553	0.634	0.434	0.386	0.523	0.555	0.548	0.544	0.464	0.484	0.526	0.490	0.414	0.362	0.514	0.501	0.564	0.422	0.450	0.488	0.409	0.373	0.427	0.388	
Vi	0.671	0.638	0.645	0.626	0.661	0.665	0.661	0.656	0.611	0.586	0.629	0.617	0.609	0.656	0.661	0.581	0.646	0.661	0.617	0.625	0.626	0.609	0.663	0.582	0.614	0.660	0.624	0.633	0.629	0.603	0.655	0.608	0.644	0.720	0.651	0.629	0.662	0.665	0.658	0.701	0.609	0.611	0.632	0.616	0.659	0.640	0.650	0.613	0.690	0.690	0.668	0.650	0.682	0.614	0.666	0.630	0.648	0.654	0.622	0.606	
Fm/Fo	6.549	5.038	4.335	4.726	5.889	5.542	4.943	5.813	5.792	5.188	5.293	5.478	5.575	5.700	4.938	4.545	5.240	4.196	6.298	4.356	4.022	4.281	4.353	4.407	4.686	4.410	4.619	5.955	4.355	4.623	5.508	4.959	4.223	4.566	4.796	4.637	4.428	3.841	5.399	5.988	4.401	4.372	4.176	4.511	4.436	4.728	4.931	5.110	6.295	6.719	5.466	5.169	5.165	6.195	5.853	5.519	6.167	5.806	5.750	5.796	
Fv/Fo	5.549	4.038	3.335	3.726	4.889	4.542	3.943	4.813	4.792	4.188	4.293	4.478	4.575	4.700	3.938	3.545	4.240	3.196	5.298	3.356	3.022	3.281	3.353	3.407	3.686	3.410	3.619	4.955	3.355	3.623	4.508	3.959	3.223	3.566	3.796	3.637	3.428	2.841	4.399	4.988	3.401	3.372	3.176	3.511	3.436	3.728	3.931	4.110	5.295	5.719	4.466	4.169	4.165	5.195	4.853	4.519	5.167	4.806	4.750	4.796	
Fv/Fm	0.847	0.802	0.769	0.788	0.830	0.820	0.798	0.828	0.827	0.807	0.811	0.817	0.821	0.825	0.797	0.780	0.809	0.762	0.841	0.770	0.751	0.766	0.770	0.773	0.787	0.773	0.784	0.832	0.770	0.784	0.818	0.798	0.763	0.781	0.792	0.784	0.774	0.740	0.815	0.833	0.773	0.771	0.761	0.778	0.775	0.788	0.797	0.804	0.841	0.851	0.817	0.807	0.806	0.839	0.829	0.819	0.838	0.828	0.826	0.827	
Mo	0.455	0.650	0.889	0.620	0.569	0.608	0.657	0.597	0.572	0.511	0.605	0.534	0.546	0.505	0.609	0.615	0.592	0.766	0.419	0.653	0.796	0.721	0.759	0.608	0.648	0.723	0.733	0.515	0.606	0.653	0.660	0.646	0.832	0.339	0.739	0.664	0.734	0.862	0.529	0.480	0.640	0.694	0.747	0.748	0.607	0.598	0.635	0.617	0.624	0.461	0.758	0.667	0.802	0.483	0.599	0.587	0.486	0.464	0.567	0.510	
Area	13495792	9852527	9184310	6854591	9734738	9924554	9397016	10221584	11101890	10730334	8815097	11095433	9740870	9393429	9966878	7375434	10122796	7991506	11533230	9771807	8309152	8641630	9250885	9658786	11510629	8834962	7363153	10692470	8857523	7630677	10442448	10479777	9272110	42118316	8966933	7707300	7590149	6819204	10356464	10984307	11061730	6913877	9555608	10206853	9027611	8141591	8303070	9969547	10506745	6096464	36360600	8899956	8224156	11917733	11277567	12313835	10342897	12376097	12433028	9568722	
Fix Area	33149608	26921316	27144428	21913466	31927546	29535916	27138008	33345850	28753626	23497360	26322708	27448822	28237280	28926508	23931350	22118554	25569438	23738388	30001688	21369506	23337686	23617264	25849660	21565156	23591848	26996180	26475840	30835866	21300914	23413310	30923600	25715944	25228772	20756528	29128356	24526888	22474924	24557634	28265238	30787480	20233644	22730632	24076742	25059856	22850528	23616846	27091388	26528440	37966640	34908788	32924968	29058080	31892840	29336110	30706818	28737670	30685604	28285782	29754788	27754718	
HACH Area	27955816	21438536	20740684	17128658	26368768	24075134	21514232	27462086	23649830	18841548	21218912	22280030	23035488	23724716	18956550	17111754	20554638	17951620	25095884	16324707	17387924	17960490	19769902	16540357	18418056	20722430	20592076	25522080	16276114	18218516	25181830	20382158	19117016	15814725	22919604	19094106	17260132	18022896	22900454	25521690	15487833	17398844	18159978	19367084	17551740	18480052	21467612	21197654	31789886	29577002	26585222	23303310	25586092	24471304	25333032	23403884	25581808	23290982	24441000	22829916	
Sm	468.230	444.950	429.977	384.506	358.158	400.087	423.804	360.970	453.935	550.245	402.295	479.326	409.315	384.221	508.748	415.494	476.008	432.020	443.739	577.223	462.184	465.530	453.831	564.214	603.504	412.984	345.769	406.079	525.388	405.391	403.448	496.272	470.642	2390.234	380.422	390.026	424.600	367.335	438.796	418.147	685.319	384.553	508.520	510.598	495.859	425.171	375.569	454.960	321.248	199.917	1284.056	370.940	313.075	471.541	432.405	510.799	392.207	515.499	492.514	405.128	
Ss	0.793	0.771	0.690	0.835	0.786	0.810	0.795	0.771	0.813	0.887	0.831	0.753	0.823	0.842	0.819	0.821	0.843	0.752	0.815	0.853	0.748	0.772	0.735	0.812	0.799	0.702	0.727	0.800	0.825	0.820	0.769	0.791	0.718	0.772	0.739	0.739	0.753	0.736	0.820	0.804	0.817	0.800	0.734	0.727	0.765	0.810	0.829	0.793	0.662	0.787	0.679	0.752	0.704	0.875	0.750	0.831	0.843	0.804	0.753	0.762	
N	590.179	577.228	623.142	460.590	455.827	493.784	533.289	468.151	558.150	620.247	484.171	636.902	497.637	456.204	620.912	505.835	564.331	574.190	544.510	676.837	618.090	603.054	617.232	694.541	755.235	588.575	475.532	507.599	636.827	494.079	524.535	627.470	655.195	3096.534	514.951	528.030	563.841	499.268	534.954	520.046	839.119	480.990	692.962	702.013	648.318	525.108	453.173	573.651	484.925	253.992	1891.568	493.147	444.914	538.930	576.541	614.661	465.501	641.448	653.642	531.985	
Phi_Po	0.847	0.802	0.769	0.788	0.830	0.820	0.798	0.828	0.827	0.807	0.811	0.817	0.821	0.825	0.797	0.780	0.809	0.762	0.841	0.770	0.751	0.766	0.770	0.773	0.787	0.773	0.784	0.832	0.770	0.784	0.818	0.798	0.763	0.781	0.792	0.784	0.774	0.740	0.815	0.833	0.773	0.771	0.761	0.778	0.775	0.788	0.797	0.804	0.841	0.851	0.817	0.807	0.806	0.839	0.829	0.819	0.838	0.828	0.826	0.827	
Psi_o	0.639	0.499	0.387	0.483	0.553	0.507	0.478	0.540	0.534	0.547	0.497	0.598	0.551	0.574	0.501	0.495	0.500	0.424	0.659	0.443	0.405	0.443	0.442	0.506	0.482	0.492	0.467	0.588	0.500	0.465	0.493	0.489	0.403	0.738	0.454	0.510	0.447	0.366	0.566	0.614	0.477	0.445	0.452	0.456	0.536	0.516	0.474	0.510	0.586	0.638	0.486	0.499	0.436	0.578	0.550	0.512	0.591	0.627	0.573	0.612	
Phi_Eo	0.541	0.400	0.297	0.381	0.459	0.416	0.381	0.447	0.442	0.441	0.403	0.489	0.452	0.474	0.400	0.386	0.405	0.323	0.554	0.342	0.304	0.340	0.340	0.391	0.379	0.381	0.366	0.489	0.385	0.364	0.403	0.390	0.307	0.576	0.359	0.400	0.346	0.271	0.461	0.511	0.369	0.343	0.343	0.355	0.415	0.407	0.378	0.411	0.493	0.543	0.397	0.402	0.351	0.484	0.456	0.419	0.495	0.519	0.473	0.506	
Phi_Do	0.153	0.198	0.231	0.212	0.170	0.180	0.202	0.172	0.173	0.193	0.189	0.183	0.179	0.175	0.203	0.220	0.191	0.238	0.159	0.230	0.249	0.234	0.230	0.227	0.213	0.227	0.216	0.168	0.230	0.216	0.182	0.202	0.237	0.219	0.208	0.216	0.226	0.260	0.185	0.167	0.227	0.229	0.239	0.222	0.225	0.212	0.203	0.196	0.159	0.149	0.183	0.193	0.194	0.161	0.171	0.181	0.162	0.172	0.174	0.173	
Phi_Pav	940.979	934.539	940.784	914.114	924.516	932.539	934.842	929.255	935.107	941.840	927.964	929.340	928.851	927.374	939.988	921.677	935.753	935.870	929.433	942.915	934.437	934.952	940.649	944.889	946.379	934.756	928.991	934.371	937.741	929.997	939.068	939.697	941.256	937.276	936.213	922.493	934.830	931.662	936.862	937.302	942.982	922.181	939.557	942.592	933.072	927.043	930.922	934.412	926.594	888.024	952.375	930.220	929.459	937.870	939.493	947.090	934.548	944.858	942.648	927.012	
Pi_Abs	6.599	2.484	1.116	2.287	3.940	3.104	2.289	3.601	3.701	3.615	2.859	4.103	3.782	4.406	2.587	2.222	2.897	1.346	7.007	1.757	1.156	1.545	1.503	2.192	2.156	1.795	1.808	4.708	2.135	2.021	2.756	2.393	1.191	6.056	1.844	2.190	1.617	0.893	3.837	5.311	1.961	1.666	1.459	1.665	2.348	2.538	2.336	2.733	4.184	6.739	2.339	2.516	1.824	5.210	3.696	3.227	5.268	5.386	3.963	4.760	
ABS/RC	1.488	1.619	1.884	1.519	1.533	1.506	1.578	1.566	1.486	1.396	1.484	1.625	1.482	1.440	1.530	1.561	1.465	1.745	1.459	1.522	1.780	1.690	1.766	1.592	1.591	1.843	1.755	1.502	1.573	1.555	1.589	1.584	1.824	1.659	1.710	1.726	1.715	1.838	1.496	1.493	1.584	1.622	1.792	1.766	1.688	1.566	1.514	1.568	1.795	1.493	1.803	1.648	1.762	1.363	1.608	1.470	1.417	1.503	1.607	1.587	
TRo/RC	1.260	1.297	1.449	1.198	1.273	1.234	1.258	1.297	1.230	1.127	1.204	1.329	1.216	1.187	1.220	1.217	1.186	1.329	1.227	1.173	1.337	1.295	1.360	1.231	1.251	1.425	1.375	1.250	1.212	1.219	1.300	1.264	1.392	1.295	1.354	1.354	1.328	1.359	1.219	1.244	1.224	1.251	1.363	1.375	1.307	1.235	1.207	1.261	1.510	1.270	1.473	1.329	1.421	1.143	1.333	1.203	1.187	1.244	1.327	1.313	
ETo/RC	0.805	0.647	0.560	0.578	0.703	0.626	0.602	0.700	0.657	0.616	0.598	0.795	0.669	0.682	0.612	0.602	0.593	0.563	0.808	0.520	0.542	0.574	0.601	0.623	0.603	0.702	0.643	0.735	0.606	0.566	0.641	0.618	0.560	0.956	0.614	0.690	0.594	0.497	0.690	0.763	0.585	0.556	0.615	0.627	0.700	0.637	0.571	0.644	0.885	0.810	0.715	0.663	0.619	0.660	0.734	0.616	0.701	0.781	0.760	0.803	
DIo/RC	0.227	0.321	0.435	0.322	0.260	0.272	0.319	0.269	0.257	0.269	0.280	0.297	0.266	0.253	0.310	0.343	0.280	0.416	0.232	0.349	0.443	0.395	0.406	0.361	0.339	0.418	0.380	0.252	0.361	0.336	0.288	0.319	0.432	0.363	0.357	0.372	0.387	0.478	0.277	0.249	0.360	0.371	0.429	0.392	0.381	0.331	0.307	0.307	0.285	0.222	0.330	0.319	0.341	0.220	0.275	0.266	0.230	0.259	0.279	0.274	
