FluorPen ASCII Export File
-----------------------------------
File Name: Untitled - 1
-----------------------------------

time	14:16:26  9.11.2023	14:16:53  9.11.2023	14:17:19  9.11.2023	14:17:52  9.11.2023	14:18:28  9.11.2023	14:18:55  9.11.2023	14:19:20  9.11.2023	14:19:47  9.11.2023	14:22:02  9.11.2023	14:22:28  9.11.2023	14:22:55  9.11.2023	14:23:17  9.11.2023	14:27:20  9.11.2023	14:27:54  9.11.2023	14:28:24  9.11.2023	14:28:53  9.11.2023	14:30:02  9.11.2023	14:30:26  9.11.2023	14:30:56  9.11.2023	14:31:15  9.11.2023	14:31:58  9.11.2023	14:32:20  9.11.2023	14:32:42  9.11.2023	14:33:05  9.11.2023	14:36:13  9.11.2023	14:36:51  9.11.2023	14:37:19  9.11.2023	14:37:54  9.11.2023	14:39:09  9.11.2023	14:39:29  9.11.2023	14:39:54  9.11.2023	14:40:30  9.11.2023	14:41:21  9.11.2023	14:41:48  9.11.2023	14:42:11  9.11.2023	14:42:32  9.11.2023	14:44:35  9.11.2023	14:45:01  9.11.2023	14:45:25  9.11.2023	14:45:54  9.11.2023	14:46:41  9.11.2023	14:47:15  9.11.2023	14:47:55  9.11.2023	14:48:27  9.11.2023	14:50:05  9.11.2023	14:50:27  9.11.2023	14:50:51  9.11.2023	14:51:18  9.11.2023	14:54:16  9.11.2023	14:54:39  9.11.2023	14:55:03  9.11.2023	14:55:26  9.11.2023	14:55:59  9.11.2023	14:56:23  9.11.2023	14:56:48  9.11.2023	14:57:33  9.11.2023	14:58:52  9.11.2023	14:59:14  9.11.2023	14:59:36  9.11.2023	15:00:01  9.11.2023	
Bckg	249	209	185	209	229	209	279	309	229	259	219	269	229	219	219	259	219	269	199	229	219	292	219	219	329	259	269	299	455	520	239	219	259	279	289	357	199	209	239	239	219	348	239	269	325	239	422	319	422	269	357	239	408	329	249	528	219	199	209	239	
Fo	4935	4955	3910	5144	4706	4795	4616	4586	5005	4686	4357	4347	4466	4726	5194	4686	4446	4446	3848	4736	4576	5852	5025	4825	4496	4426	5054	4676	7412	6437	4217	4686	5094	4207	4696	5494	4885	4337	5214	5114	4805	4288	4686	4586	5559	4217	5560	4586	6860	4486	5885	4965	5065	4895	4676	3908	5543	5075	4805	4666	
Fj	15393	14925	3910	11695	13260	15423	14975	14466	14476	13509	12622	12701	13390	9980	15723	14426	13400	13130	11226	14327	13878	19409	17019	14257	13469	12971	15164	13978	18173	16190	12024	14038	13120	12362	13878	14858	14197	12462	13908	14696	14516	8445	10458	13200	14955	11166	14988	9970	18922	12442	16678	15314	15673	14257	13948	9920	16052	15094	13071	13519	
Fi	24167	26131	3910	25782	17906	21635	18993	21355	23120	20269	21376	24576	19611	17736	25892	24027	17437	21196	15184	25902	21096	28577	24616	17108	17766	20797	24596	21934	17523	15930	15364	19780	14217	19292	22083	15020	16939	17776	19491	18524	18973	14008	16291	16101	22335	12861	17329	17407	19312	15663	18076	19920	18275	15932	22263	12213	24626	23828	22313	17188	
Fm	33569	36370	3910	35034	25613	29511	26141	29989	31615	28225	30787	33409	28464	23898	35882	33230	24626	29561	22821	34626	29780	36835	33449	23230	24934	29601	33828	31475	23375	21750	22642	28305	19681	27567	29750	20905	23629	25932	26191	24855	27048	26790	22622	21974	29845	17687	23148	23638	26106	23110	24123	27896	25872	22542	31096	18684	33998	33878	31515	25772	
Fv	28634	31415	0	29890	20907	24716	21525	25403	26610	23539	26430	29062	23998	19172	30688	28544	20180	25115	18973	29890	25204	30983	28424	18405	20438	25175	28774	26799	15963	15313	18425	23619	14587	23360	25054	15411	18744	21595	20977	19741	22243	22502	17936	17388	24286	13470	17588	19052	19246	18624	18238	22931	20807	17647	26420	14776	28455	28803	26710	21106	
Vj	0.365	0.317	0.000	0.219	0.409	0.430	0.481	0.389	0.356	0.375	0.313	0.287	0.372	0.274	0.343	0.341	0.444	0.346	0.389	0.321	0.369	0.438	0.422	0.512	0.439	0.339	0.351	0.347	0.674	0.637	0.424	0.396	0.550	0.349	0.366	0.608	0.497	0.376	0.414	0.485	0.437	0.185	0.322	0.495	0.387	0.516	0.536	0.283	0.627	0.427	0.592	0.451	0.510	0.531	0.351	0.407	0.369	0.348	0.309	0.419	
Vi	0.672	0.674	0.000	0.690	0.631	0.681	0.668	0.660	0.681	0.662	0.644	0.696	0.631	0.679	0.674	0.678	0.644	0.667	0.597	0.708	0.655	0.733	0.689	0.667	0.649	0.650	0.679	0.644	0.633	0.620	0.605	0.639	0.625	0.646	0.694	0.618	0.643	0.622	0.681	0.679	0.637	0.432	0.647	0.662	0.691	0.642	0.669	0.673	0.647	0.600	0.668	0.652	0.635	0.625	0.666	0.562	0.671	0.651	0.655	0.593	
Fm/Fo	6.802	7.340	1.000	6.811	5.443	6.155	5.663	6.539	6.317	6.023	7.066	7.686	6.373	5.057	6.908	7.091	5.539	6.649	5.931	7.311	6.508	6.294	6.657	4.815	5.546	6.688	6.693	6.731	3.154	3.379	5.369	6.040	3.864	6.553	6.335	3.805	4.837	5.979	5.023	4.860	5.629	6.248	4.828	4.792	5.369	4.194	4.163	5.154	3.806	5.152	4.099	5.619	5.108	4.605	6.650	4.781	6.134	6.675	6.559	5.523	
Fv/Fo	5.802	6.340	0.000	5.811	4.443	5.155	4.663	5.539	5.317	5.023	6.066	6.686	5.373	4.057	5.908	6.091	4.539	5.649	4.931	6.311	5.508	5.294	5.657	3.815	4.546	5.688	5.693	5.731	2.154	2.379	4.369	5.040	2.864	5.553	5.335	2.805	3.837	4.979	4.023	3.860	4.629	5.248	3.828	3.792	4.369	3.194	3.163	4.154	2.806	4.152	3.099	4.619	4.108	3.605	5.650	3.781	5.134	5.675	5.559	4.523	
Fv/Fm	0.853	0.864	0.000	0.853	0.816	0.838	0.823	0.847	0.842	0.834	0.858	0.870	0.843	0.802	0.855	0.859	0.819	0.850	0.831	0.863	0.846	0.841	0.850	0.792	0.820	0.850	0.851	0.851	0.683	0.704	0.814	0.834	0.741	0.847	0.842	0.737	0.793	0.833	0.801	0.794	0.822	0.840	0.793	0.791	0.814	0.762	0.760	0.806	0.737	0.806	0.756	0.822	0.804	0.783	0.850	0.791	0.837	0.850	0.848	0.819	
Mo	0.432	0.371	0.000	0.260	0.492	0.478	0.517	0.419	0.412	0.435	0.341	0.305	0.409	0.343	0.408	0.360	0.486	0.370	0.395	0.350	0.440	0.588	0.473	0.565	0.484	0.380	0.432	0.423	0.994	0.892	0.459	0.454	0.686	0.389	0.425	0.785	0.592	0.417	0.523	0.576	0.490	0.218	0.371	0.530	0.514	0.589	0.658	0.360	0.885	0.503	0.756	0.548	0.598	0.597	0.391	0.424	0.458	0.404	0.367	0.486	
Area	14245471	16408293	397177	19645648	14081423	12562986	11111732	16248989	17773462	13250440	13513464	14778581	15060949	44501812	15613228	14094238	13743588	13054429	11270473	13671441	14650391	9964627	13615748	9582431	11471038	13714051	11716424	12988787	5730260	6131571	9514403	10292245	11305954	12447076	12411873	22176296	24537740	11880688	13225471	13282810	10377179	35608808	9406957	9760068	8860959	7871437	9606059	10975441	6585012	10597858	8623793	12310621	11499376	9080494	11933873	8678749	14849577	12036448	14783804	12152761	
Fix Area	32643400	35262376	3916477	33974372	24805504	28759340	25428370	29120716	30711134	27297614	29778154	32422272	27540846	21492320	34929356	32319808	23823204	28663910	21968530	33664336	28912242	36014840	32627578	22572986	24153906	28769232	32941046	30549646	22966708	21317048	21905226	27429246	19157074	26741068	28996026	20091774	22650042	25060042	25509728	24191848	26274748	19285102	21628470	21381274	29067852	17018414	22535198	22735174	25572076	22357740	23529612	27042092	25174032	21904216	30223562	18006654	33167202	32979756	30503778	25018634	
HACH Area	27708596	30307576	6633	28830578	20099692	23964532	20812554	24534898	25706334	22611802	25421328	28075446	23075024	16766510	29735566	27633994	19377382	24218088	18120684	28928526	24336424	30163074	27602780	17748180	19658086	24343408	27887248	25873834	15555005	14880306	17688394	22743432	14063277	22534238	24300214	14597994	17765238	20723214	20295938	19078052	21469942	14997274	16942658	16795458	23509074	12801583	16975420	18149356	18712350	17871918	17644848	22077292	20109236	17009412	25547748	14098811	27624424	27904960	25698970	20352820	
Sm	497.502	522.308	0.000	657.265	673.527	508.294	516.224	639.648	667.924	562.914	511.293	508.519	627.592	2321.188	508.773	493.772	681.050	519.786	594.027	457.392	581.272	321.616	479.023	520.643	561.260	544.749	407.188	484.674	358.971	400.416	516.385	435.761	775.070	532.837	495.405	1438.991	1309.098	550.159	630.475	672.854	466.537	1582.473	524.474	561.311	364.859	584.368	546.171	576.078	342.150	569.043	472.848	536.855	552.669	514.563	451.698	587.354	521.862	417.889	553.493	575.797	
Ss	0.846	0.856	0.000	0.842	0.831	0.900	0.931	0.928	0.864	0.861	0.917	0.944	0.909	0.798	0.841	0.947	0.913	0.935	0.984	0.918	0.839	0.745	0.892	0.906	0.907	0.893	0.812	0.821	0.678	0.714	0.923	0.872	0.802	0.897	0.863	0.774	0.840	0.902	0.793	0.843	0.892	0.848	0.867	0.935	0.753	0.876	0.815	0.785	0.708	0.849	0.783	0.824	0.852	0.889	0.898	0.960	0.806	0.860	0.842	0.864	
N	588.173	610.005	0.000	780.571	810.059	564.728	554.347	689.370	773.497	653.830	557.504	538.833	690.042	2907.007	605.174	521.553	746.310	556.178	603.850	498.262	692.878	431.953	536.774	574.518	618.744	610.221	501.191	590.029	529.334	560.656	559.313	499.877	966.858	594.060	574.285	1858.825	1558.772	610.220	795.382	798.268	523.082	1866.839	605.162	600.278	484.770	667.369	670.375	734.008	483.242	670.321	603.885	651.551	648.323	578.650	503.143	611.583	647.548	485.667	657.014	666.527	
Phi_Po	0.853	0.864	0.000	0.853	0.816	0.838	0.823	0.847	0.842	0.834	0.858	0.870	0.843	0.802	0.855	0.859	0.819	0.850	0.831	0.863	0.846	0.841	0.850	0.792	0.820	0.850	0.851	0.851	0.683	0.704	0.814	0.834	0.741	0.847	0.842	0.737	0.793	0.833	0.801	0.794	0.822	0.840	0.793	0.791	0.814	0.762	0.760	0.806	0.737	0.806	0.756	0.822	0.804	0.783	0.850	0.791	0.837	0.850	0.848	0.819	
Psi_o	0.635	0.683	1.000	0.781	0.591	0.570	0.519	0.611	0.644	0.625	0.687	0.713	0.628	0.726	0.657	0.659	0.556	0.654	0.611	0.679	0.631	0.562	0.578	0.488	0.561	0.661	0.649	0.653	0.326	0.363	0.576	0.604	0.450	0.651	0.634	0.392	0.503	0.624	0.586	0.515	0.563	0.815	0.678	0.505	0.613	0.484	0.464	0.717	0.373	0.573	0.408	0.549	0.490	0.469	0.649	0.593	0.631	0.652	0.691	0.581	
Phi_Eo	0.541	0.590	0.000	0.666	0.482	0.477	0.427	0.518	0.542	0.521	0.590	0.620	0.530	0.582	0.562	0.566	0.456	0.556	0.508	0.586	0.534	0.473	0.491	0.386	0.460	0.562	0.552	0.556	0.223	0.256	0.469	0.504	0.333	0.552	0.534	0.289	0.399	0.519	0.469	0.409	0.463	0.685	0.538	0.399	0.499	0.369	0.353	0.578	0.275	0.462	0.309	0.451	0.394	0.368	0.551	0.469	0.528	0.554	0.585	0.475	
Phi_Do	0.147	0.136	1.000	0.147	0.184	0.162	0.177	0.153	0.158	0.166	0.142	0.130	0.157	0.198	0.145	0.141	0.181	0.150	0.169	0.137	0.154	0.159	0.150	0.208	0.180	0.150	0.149	0.149	0.317	0.296	0.186	0.166	0.259	0.153	0.158	0.263	0.207	0.167	0.199	0.206	0.178	0.160	0.207	0.209	0.186	0.238	0.240	0.194	0.263	0.194	0.244	0.178	0.196	0.217	0.150	0.209	0.163	0.150	0.152	0.181	
Phi_Pav	939.646	936.731	0.000	947.836	945.249	942.616	941.208	947.886	950.244	935.881	930.692	937.942	942.135	934.995	942.607	939.155	943.328	936.366	928.978	936.461	943.125	927.644	943.096	934.064	935.794	942.386	932.006	934.444	937.023	934.654	930.449	928.498	954.854	937.503	944.715	962.956	960.095	931.912	949.854	951.553	932.066	754.523	920.755	941.782	923.134	924.048	939.684	925.626	928.652	932.798	936.774	935.718	942.434	933.285	932.351	926.001	946.183	930.997	935.176	940.050	
Pi_Abs	7.276	10.086	0.000	14.872	4.354	5.151	3.854	6.840	6.993	6.016	10.497	13.605	6.960	6.884	8.134	9.563	4.255	8.487	6.337	10.585	6.685	4.262	5.876	2.606	4.319	8.404	7.263	7.540	0.482	0.682	4.465	5.593	1.391	7.869	6.700	1.034	2.589	6.198	3.609	2.740	4.382	16.489	5.543	2.858	4.240	1.999	1.695	6.671	0.872	3.808	1.266	3.803	2.708	2.221	7.970	4.186	5.913	7.784	8.856	4.429	
ABS/RC	1.386	1.352	0.000	1.392	1.473	1.327	1.304	1.272	1.376	1.393	1.270	1.218	1.304	1.561	1.391	1.230	1.337	1.259	1.223	1.262	1.408	1.597	1.319	1.393	1.345	1.317	1.447	1.430	2.159	1.989	1.331	1.375	1.683	1.316	1.377	1.752	1.501	1.332	1.575	1.494	1.363	1.405	1.455	1.351	1.633	1.500	1.615	1.581	1.916	1.462	1.689	1.476	1.459	1.436	1.311	1.317	1.483	1.367	1.401	1.413	
TRo/RC	1.182	1.168	0.000	1.188	1.203	1.111	1.074	1.078	1.158	1.162	1.090	1.060	1.100	1.252	1.189	1.056	1.096	1.070	1.017	1.089	1.192	1.343	1.121	1.103	1.102	1.120	1.231	1.217	1.475	1.400	1.083	1.147	1.247	1.115	1.159	1.292	1.191	1.109	1.262	1.186	1.121	1.180	1.154	1.069	1.329	1.142	1.227	1.274	1.412	1.178	1.277	1.214	1.173	1.125	1.114	1.041	1.241	1.162	1.187	1.158	
ETo/RC	0.750	0.797	0.000	0.927	0.711	0.633	0.557	0.659	0.746	0.726	0.749	0.755	0.691	0.909	0.781	0.696	0.610	0.700	0.621	0.740	0.752	0.755	0.648	0.538	0.618	0.740	0.798	0.795	0.481	0.508	0.624	0.693	0.561	0.726	0.734	0.507	0.599	0.692	0.739	0.611	0.632	0.962	0.783	0.540	0.815	0.553	0.569	0.914	0.527	0.675	0.521	0.666	0.575	0.528	0.723	0.618	0.783	0.758	0.820	0.672	
DIo/RC	0.204	0.184	0.000	0.204	0.271	0.216	0.230	0.195	0.218	0.231	0.180	0.158	0.205	0.309	0.201	0.173	0.241	0.189	0.206	0.173	0.216	0.254	0.198	0.289	0.243	0.197	0.216	0.212	0.685	0.589	0.248	0.228	0.436	0.201	0.217	0.461	0.310	0.223	0.314	0.307	0.242	0.225	0.301	0.282	0.304	0.358	0.388	0.307	0.503	0.284	0.412	0.263	0.286	0.312	0.197	0.275	0.242	0.205	0.214	0.256	
