FluorPen ASCII Export File
-----------------------------------
File Name: Untitled - 1
-----------------------------------

time	14:32:00  3.11.2023	14:32:40  3.11.2023	14:33:08  3.11.2023	14:33:33  3.11.2023	14:34:02  3.11.2023	14:34:27  3.11.2023	14:34:57  3.11.2023	14:35:20  3.11.2023	14:35:50  3.11.2023	14:36:11  3.11.2023	14:36:33  3.11.2023	14:37:32  3.11.2023	14:38:47  3.11.2023	14:39:09  3.11.2023	14:39:30  3.11.2023	14:39:50  3.11.2023	14:40:14  3.11.2023	14:40:36  3.11.2023	14:40:55  3.11.2023	14:41:20  3.11.2023	14:41:48  3.11.2023	14:42:07  3.11.2023	14:42:44  3.11.2023	14:43:09  3.11.2023	14:44:24  3.11.2023	14:44:45  3.11.2023	14:45:26  3.11.2023	14:45:46  3.11.2023	14:46:14  3.11.2023	14:46:34  3.11.2023	14:46:54  3.11.2023	14:47:16  3.11.2023	14:47:49  3.11.2023	14:48:13  3.11.2023	14:48:57  3.11.2023	14:49:32  3.11.2023	14:51:02  3.11.2023	14:51:21  3.11.2023	14:51:44  3.11.2023	14:52:03  3.11.2023	14:52:29  3.11.2023	14:52:49  3.11.2023	14:53:17  3.11.2023	14:53:40  3.11.2023	14:54:39  3.11.2023	14:54:59  3.11.2023	14:55:18  3.11.2023	14:56:16  3.11.2023	15:16:58  3.11.2023	15:17:28  3.11.2023	15:18:19  3.11.2023	15:18:48  3.11.2023	15:29:28  3.11.2023	15:30:14  3.11.2023	15:30:41  3.11.2023	15:31:00  3.11.2023	15:31:26  3.11.2023	15:31:42  3.11.2023	15:32:04  3.11.2023	15:32:25  3.11.2023	
Bckg	715	357	422	357	682	292	455	325	455	260	357	422	682	260	390	325	292	390	325	422	390	325	325	292	269	357	239	552	292	325	357	325	520	520	390	325	455	292	422	390	455	487	325	552	325	357	552	292	390	325	422	455	292	325	715	338	325	325	260	325	
Fo	7932	6177	5755	6372	6795	7185	7835	6892	7575	7119	6827	6632	7413	8713	6437	8030	6925	7315	6859	6632	7900	6697	7932	7835	5005	5982	5473	6990	7315	6502	7283	6047	7022	6990	7347	7087	8713	8420	7900	7802	5689	6502	6599	7608	6112	6990	7348	7055	7250	7997	8551	7997	7315	6859	7217	3757	7217	6047	7607	6729	
Fj	24903	22888	16353	16776	18922	21490	18206	17328	23928	23408	20905	20189	21262	20937	21067	21229	22628	22920	21880	20775	21327	22172	25651	25164	16231	18889	18833	19962	20319	22302	21490	19474	21229	16060	16808	21782	18693	22400	22368	21815	16970	20157	20774	19409	21132	19279	18629	22563	21359	24155	23213	23213	21620	18726	22627	3757	23212	20156	20742	18986	
Fi	28219	26822	17491	16841	20385	22335	18108	15995	26366	30235	21490	22660	22238	19734	27114	20677	24221	24903	26073	21587	20124	26301	27406	29325	23220	24806	22692	22953	20710	25163	23441	21457	22042	16320	16060	23895	17361	21815	22335	21554	19149	22628	21619	18694	24968	19052	18076	25586	23180	24871	23343	24155	23538	19441	27016	3757	24806	24871	21229	19474	
Fm	35567	35697	22823	21587	25554	28577	22205	21164	32738	39175	27439	32186	28025	24058	36022	26594	32251	32771	34169	29455	26919	36542	36054	36640	33409	33779	31704	29650	26919	33681	30560	28967	28674	20547	20742	30885	21977	27114	29553	27699	26106	30203	28577	24286	33258	25164	23376	32966	28609	32088	28902	30755	31048	24871	35762	3757	33453	34331	26203	26171	
Fv	27635	29520	17068	15215	18759	21392	14370	14272	25163	32056	20612	25554	20612	15345	29585	18564	25326	25456	27310	22823	19019	29845	28122	28805	28404	27797	26231	22660	19604	27179	23277	22920	21652	13557	13395	23798	13264	18694	21653	19897	20417	23701	21978	16678	27146	18174	16028	25911	21359	24091	20351	22758	23733	18012	28545	0	26236	28284	18596	19442	
Vj	0.614	0.566	0.621	0.684	0.646	0.669	0.722	0.731	0.650	0.508	0.683	0.531	0.672	0.797	0.495	0.711	0.620	0.613	0.550	0.620	0.706	0.519	0.630	0.602	0.395	0.464	0.509	0.572	0.663	0.581	0.610	0.586	0.656	0.669	0.706	0.617	0.752	0.748	0.668	0.704	0.553	0.576	0.645	0.708	0.553	0.676	0.704	0.599	0.661	0.671	0.720	0.669	0.603	0.659	0.540	0.000	0.610	0.499	0.706	0.630	
Vi	0.734	0.699	0.688	0.688	0.724	0.708	0.715	0.638	0.747	0.721	0.711	0.627	0.719	0.718	0.699	0.681	0.683	0.691	0.704	0.655	0.643	0.657	0.692	0.746	0.641	0.677	0.656	0.704	0.683	0.687	0.694	0.672	0.694	0.688	0.650	0.706	0.652	0.717	0.667	0.691	0.659	0.680	0.683	0.665	0.695	0.664	0.669	0.715	0.746	0.700	0.727	0.710	0.684	0.699	0.694	0.000	0.670	0.666	0.733	0.656	
Fm/Fo	4.484	5.779	3.966	3.388	3.761	3.977	2.834	3.071	4.322	5.503	4.019	4.853	3.781	2.761	5.596	3.312	4.657	4.480	4.982	4.441	3.407	5.456	4.545	4.676	6.675	5.647	5.793	4.242	3.680	5.180	4.196	4.790	4.083	2.939	2.823	4.358	2.522	3.220	3.741	3.550	4.589	4.645	4.331	3.192	5.441	3.600	3.181	4.673	3.946	4.013	3.380	3.846	4.244	3.626	4.955	1.000	4.635	5.677	3.445	3.889	
Fv/Fo	3.484	4.779	2.966	2.388	2.761	2.977	1.834	2.071	3.322	4.503	3.019	3.853	2.781	1.761	4.596	2.312	3.657	3.480	3.982	3.441	2.407	4.456	3.545	3.676	5.675	4.647	4.793	3.242	2.680	4.180	3.196	3.790	3.083	1.939	1.823	3.358	1.522	2.220	2.741	2.550	3.589	3.645	3.331	2.192	4.441	2.600	2.181	3.673	2.946	3.013	2.380	2.846	3.244	2.626	3.955	0.000	3.635	4.677	2.445	2.889	
Fv/Fm	0.777	0.827	0.748	0.705	0.734	0.749	0.647	0.674	0.769	0.818	0.751	0.794	0.735	0.638	0.821	0.698	0.785	0.777	0.799	0.775	0.707	0.817	0.780	0.786	0.850	0.823	0.827	0.764	0.728	0.807	0.762	0.791	0.755	0.660	0.646	0.771	0.604	0.689	0.733	0.718	0.782	0.785	0.769	0.687	0.816	0.722	0.686	0.786	0.747	0.751	0.704	0.740	0.764	0.724	0.798	0.000	0.784	0.824	0.710	0.743	
Mo	0.866	0.740	0.792	0.957	0.929	0.973	1.104	1.103	0.987	0.795	0.959	0.758	1.028	1.330	0.681	1.107	0.873	0.935	0.790	0.878	1.142	0.780	1.027	0.980	0.452	0.613	0.613	0.826	1.022	0.804	0.905	0.777	0.943	0.949	1.019	0.891	1.265	1.238	1.027	1.079	0.701	0.807	0.882	1.099	0.695	0.980	1.071	0.863	1.059	1.101	1.214	1.086	0.937	0.895	0.861	0.000	0.932	0.713	1.105	0.956	
Area	8610604	11726657	12874552	7955669	8741774	8661963	6094504	7812603	7030554	8730408	6652252	52028832	5995085	5216628	10806882	37743024	19047090	6319562	10638337	7406486	9758072	8438885	9110769	8608275	11549316	11092441	11327460	6629082	8922979	10130250	12263824	9574861	7503920	8412664	7670945	10552667	8043021	6644330	7528431	7010885	10087463	7298256	9167327	8763658	11278491	8809801	6114969	7663043	5888259	8476334	6513811	35321204	6580442	6495821	6564451	381635	32065990	10225258	4858602	8568346	
Fix Area	34874792	34826312	22184792	21074282	25022234	27971982	21831862	20697460	32033018	38266160	26872542	30083026	27441490	23637354	35188876	26066400	31609422	31935774	33422564	28779106	26364330	35725008	35189764	35915324	32539246	32985540	30905702	29091322	26353368	32922026	29944682	28308012	28045538	20093266	20289928	30233058	21616684	26609054	28972106	27167926	25453830	29518586	27926288	23758318	32503548	24613436	22882264	32262602	28010112	31409700	28371490	30101016	30317020	24338174	34863484	3763483	32735576	33433710	25559828	25526734	
HACH Area	26943110	28649558	16430021	14702537	18227506	20787270	13997175	13805735	24458320	31147444	20045814	23451292	20028786	14924703	28752132	18036722	24684700	24621066	26563838	22147372	18464646	29028274	27258084	28080636	27534446	27003780	25432922	22101602	19038660	26420286	22661974	22261254	21023818	13103546	12943221	23146342	12904032	18189390	21072422	19366240	19765058	23016846	21327552	16150622	26391792	17623714	15534558	25207884	20760402	23413020	19820832	22104336	23002312	17479448	27646774	6633	25518866	27386952	17953132	18798002	
Sm	311.583	397.244	754.309	522.883	466.004	404.916	424.113	547.408	279.400	272.349	322.737	2036.035	290.854	339.956	365.282	2033.130	752.076	248.254	389.540	324.519	513.070	282.757	323.973	298.847	406.609	399.052	431.835	292.546	455.161	372.723	526.864	417.751	346.569	620.540	572.672	443.427	606.380	355.426	347.685	352.359	494.072	307.930	417.114	525.462	415.475	484.748	381.518	295.745	275.680	351.846	320.073	1552.035	277.270	360.639	229.969	0.000	1222.213	361.521	261.271	440.713	
Ss	0.709	0.765	0.784	0.714	0.696	0.687	0.654	0.663	0.658	0.639	0.712	0.700	0.653	0.599	0.726	0.642	0.710	0.656	0.696	0.706	0.618	0.665	0.614	0.614	0.874	0.758	0.831	0.693	0.649	0.723	0.674	0.754	0.696	0.705	0.693	0.693	0.595	0.604	0.651	0.653	0.789	0.714	0.732	0.644	0.797	0.690	0.657	0.693	0.624	0.609	0.593	0.616	0.643	0.736	0.627	0.000	0.654	0.700	0.639	0.659	
N	439.312	519.358	962.567	732.157	669.706	588.989	648.744	825.413	424.337	426.221	453.180	2910.552	445.154	567.780	503.256	3165.145	1058.836	378.562	559.842	459.553	829.807	425.296	527.894	486.667	465.068	526.710	519.495	422.355	701.013	515.396	781.155	554.305	498.033	880.661	826.595	639.596	1019.301	588.512	534.457	539.615	626.470	431.080	570.159	816.446	521.585	702.764	580.478	426.568	442.136	577.744	539.379	2520.220	430.994	490.130	366.815	0.000	1868.126	516.466	408.725	668.639	
Phi_Po	0.777	0.827	0.748	0.705	0.734	0.749	0.647	0.674	0.769	0.818	0.751	0.794	0.735	0.638	0.821	0.698	0.785	0.777	0.799	0.775	0.707	0.817	0.780	0.786	0.850	0.823	0.827	0.764	0.728	0.807	0.762	0.791	0.755	0.660	0.646	0.771	0.604	0.689	0.733	0.718	0.782	0.785	0.769	0.687	0.816	0.722	0.686	0.786	0.747	0.751	0.704	0.740	0.764	0.724	0.798	0.000	0.784	0.824	0.710	0.743	
Psi_o	0.386	0.434	0.379	0.316	0.354	0.331	0.278	0.269	0.350	0.492	0.317	0.469	0.328	0.203	0.505	0.289	0.380	0.387	0.450	0.380	0.294	0.481	0.370	0.398	0.605	0.536	0.491	0.428	0.337	0.419	0.390	0.414	0.344	0.331	0.294	0.383	0.248	0.252	0.332	0.296	0.447	0.424	0.355	0.292	0.447	0.324	0.296	0.401	0.339	0.329	0.280	0.331	0.397	0.341	0.460	1.000	0.390	0.501	0.294	0.370	
Phi_Eo	0.300	0.359	0.283	0.223	0.260	0.248	0.180	0.181	0.269	0.402	0.238	0.373	0.241	0.130	0.415	0.202	0.298	0.301	0.360	0.295	0.208	0.393	0.289	0.313	0.514	0.441	0.406	0.327	0.245	0.338	0.297	0.328	0.260	0.218	0.190	0.295	0.149	0.174	0.243	0.212	0.350	0.333	0.273	0.201	0.365	0.234	0.203	0.316	0.253	0.247	0.197	0.245	0.304	0.247	0.367	0.000	0.306	0.413	0.208	0.275	
Phi_Do	0.223	0.173	0.252	0.295	0.266	0.251	0.353	0.326	0.231	0.182	0.249	0.206	0.265	0.362	0.179	0.302	0.215	0.223	0.201	0.225	0.293	0.183	0.220	0.214	0.150	0.177	0.173	0.236	0.272	0.193	0.238	0.209	0.245	0.340	0.354	0.229	0.396	0.311	0.267	0.282	0.218	0.215	0.231	0.313	0.184	0.278	0.314	0.214	0.253	0.249	0.296	0.260	0.236	0.276	0.202	1.000	0.216	0.176	0.290	0.257	
Phi_Pav	925.367	934.260	953.489	941.062	945.991	942.443	941.172	942.610	927.170	922.340	926.676	949.979	923.574	936.165	932.799	984.469	965.613	911.252	938.857	925.742	949.889	917.795	930.333	933.714	930.235	933.911	936.238	925.324	942.706	935.170	951.810	940.057	929.255	948.599	944.348	944.846	959.000	936.667	937.863	931.849	938.737	923.627	939.034	945.578	937.781	942.077	928.879	923.822	928.695	937.995	932.766	980.240	915.047	927.419	910.418	0.000	976.485	926.069	919.654	931.112	
Pi_Abs	1.206	2.317	1.061	0.556	0.771	0.759	0.299	0.340	0.906	2.279	0.750	1.894	0.653	0.172	2.801	0.421	1.250	1.119	1.812	1.156	0.438	2.247	0.996	1.175	6.455	3.342	3.176	1.282	0.643	1.757	1.048	1.598	0.849	0.446	0.339	1.111	0.180	0.312	0.649	0.502	1.793	1.503	1.032	0.400	2.331	0.620	0.414	1.343	0.705	0.676	0.386	0.643	1.052	0.725	1.687	0.000	1.194	2.710	0.461	0.829	
ABS/RC	1.815	1.581	1.706	1.987	1.958	1.943	2.364	2.236	1.976	1.913	1.869	1.801	2.081	2.618	1.677	2.230	1.793	1.963	1.798	1.828	2.289	1.842	2.089	2.071	1.345	1.604	1.454	1.889	2.115	1.714	1.947	1.677	1.903	2.151	2.235	1.872	2.785	2.402	2.098	2.132	1.621	1.784	1.777	2.263	1.538	2.007	2.219	1.835	2.148	2.187	2.393	2.194	2.034	1.877	1.998	0.000	1.949	1.734	2.204	2.042	
TRo/RC	1.410	1.307	1.276	1.400	1.437	1.455	1.530	1.508	1.519	1.565	1.404	1.430	1.531	1.670	1.378	1.557	1.408	1.525	1.437	1.416	1.617	1.504	1.629	1.628	1.144	1.320	1.203	1.444	1.540	1.383	1.483	1.327	1.437	1.419	1.443	1.442	1.681	1.656	1.537	1.531	1.268	1.400	1.367	1.554	1.255	1.450	1.521	1.442	1.604	1.642	1.685	1.624	1.554	1.359	1.595	0.000	1.528	1.429	1.564	1.517	
ETo/RC	0.544	0.567	0.484	0.443	0.508	0.482	0.426	0.405	0.532	0.770	0.445	0.671	0.502	0.340	0.696	0.450	0.535	0.590	0.647	0.539	0.476	0.724	0.603	0.649	0.692	0.707	0.590	0.617	0.519	0.579	0.578	0.550	0.494	0.470	0.424	0.552	0.416	0.418	0.510	0.453	0.567	0.593	0.485	0.454	0.561	0.469	0.451	0.579	0.544	0.541	0.471	0.538	0.617	0.464	0.734	0.000	0.597	0.716	0.459	0.561	
DIo/RC	0.405	0.274	0.430	0.586	0.521	0.489	0.834	0.728	0.457	0.348	0.465	0.371	0.550	0.948	0.300	0.673	0.385	0.438	0.361	0.411	0.672	0.338	0.460	0.443	0.202	0.284	0.251	0.445	0.575	0.331	0.464	0.350	0.466	0.732	0.792	0.430	1.104	0.746	0.561	0.601	0.353	0.384	0.410	0.709	0.283	0.558	0.698	0.393	0.544	0.545	0.708	0.571	0.479	0.518	0.403	0.000	0.420	0.305	0.640	0.525	
