FluorPen ASCII Export File
-----------------------------------
File Name: Untitled - 1
-----------------------------------

time	14:18:49  6.12.2023	14:19:07  6.12.2023	14:19:27  6.12.2023	14:19:45  6.12.2023	14:20:08  6.12.2023	14:20:27  6.12.2023	14:20:49  6.12.2023	14:21:10  6.12.2023	14:21:56  6.12.2023	14:22:14  6.12.2023	14:22:32  6.12.2023	14:23:10  6.12.2023	14:23:54  6.12.2023	14:24:13  6.12.2023	14:24:37  6.12.2023	14:25:02  6.12.2023	14:25:21  6.12.2023	14:25:39  6.12.2023	14:25:57  6.12.2023	14:26:15  6.12.2023	14:26:38  6.12.2023	14:26:57  6.12.2023	14:27:15  6.12.2023	14:27:34  6.12.2023	14:29:20  6.12.2023	14:29:37  6.12.2023	14:29:56  6.12.2023	14:30:13  6.12.2023	14:30:34  6.12.2023	14:30:52  6.12.2023	14:31:10  6.12.2023	14:31:28  6.12.2023	14:31:53  6.12.2023	14:32:15  6.12.2023	14:32:32  6.12.2023	14:32:49  6.12.2023	14:36:02  6.12.2023	14:36:21  6.12.2023	14:36:40  6.12.2023	14:36:57  6.12.2023	14:37:15  6.12.2023	14:37:33  6.12.2023	14:37:51  6.12.2023	14:38:10  6.12.2023	14:38:28  6.12.2023	14:38:44  6.12.2023	14:39:03  6.12.2023	14:39:20  6.12.2023	15:14:34  6.12.2023	15:14:55  6.12.2023	15:15:13  6.12.2023	15:15:31  6.12.2023	15:15:54  6.12.2023	15:16:11  6.12.2023	15:16:30  6.12.2023	15:16:46  6.12.2023	15:17:24  6.12.2023	15:17:42  6.12.2023	15:18:00  6.12.2023	15:18:18  6.12.2023		
Bckg	229	358	219	199	279	249	269	209	528	520	239	229	260	249	16905	189	219	219	259	239	239	422	239	239	229	269	299	249	229	259	289	249	219	199	209	219	219	249	292	249	628	378	585	325	229	209	239	292	219	229	292	229	388	299	249	279	259	292	209	219
Fo	4257	5195	4746	5483	4367	4087	3898	4058	5124	6079	3938	4885	5266	3798	6600	4247	3938	4267	4307	4008	3828	6210	4965	4556	4347	5144	4177	4157	4197	4117	4097	3858	4307	4207	4217	4018	4496	4925	6470	4965	5074	5065	5819	6079	4397	4427	4686	5527	4257	5005	5657	4945	4646	4636	4775	4167	3988	6307	4795	4756
Fj	12034	14188	14965	16919	10987	11435	10987	11645	13001	17718	10289	14097	15637	10050	12810	12014	10937	12442	11944	10079	10877	15670	11286	13360	11595	13509	11734	11096	11366	10319	11056	9960	12303	11824	12263	11206	12771	14317	15768	14277	11714	12812	13817	12646	13021	12472	13689	17751	12183	14785	15833	13888	12124	10967	11166	12123	10857	18629	14566	14666
Fi	19820	16441	22432	31784	13080	19780	15383	20289	18873	18791	15543	25862	17946	20767	18987	23689	19561	18375	16002	11764	16261	16321	23399	23928	20269	15194	15822	15543	19401	14885	16490	14875	17846	16082	17956	17996	21804	18803	16158	17756	12023	15264	14695	13492	17447	17986	19152	22693	18544	15673	17361	16450	12493	11086	11864	16171	19840	19507	23120	22273
Fm	27746	23390	30678	39122	17667	28105	23010	28454	26311	26139	23011	34396	23960	28833	25294	31944	27258	25752	22662	16141	24666	22595	31066	31405	28235	20498	23529	21964	28045	21665	23768	21964	26081	22901	26051	26410	30039	25503	20580	24127	16769	21167	19929	16808	24985	26430	26839	30886	26859	23230	23863	23429	17976	15493	16251	23878	28434	26757	32432	30548
Fv	23489	18195	25932	33639	13300	24018	19112	24396	21187	20060	19073	29511	18694	25035	18694	27697	23320	21485	18355	12133	20838	16385	26101	26849	23888	15354	19352	17807	23848	17548	19671	18106	21774	18694	21834	22392	25543	20578	14110	19162	11695	16102	14110	10729	20588	22003	22153	25359	22602	18225	18206	18484	13330	10857	11476	19711	24446	20450	27637	25792
Vj	0.331	0.494	0.394	0.340	0.498	0.306	0.371	0.311	0.372	0.580	0.333	0.312	0.555	0.250	0.332	0.280	0.300	0.380	0.416	0.500	0.338	0.577	0.242	0.328	0.303	0.545	0.391	0.390	0.301	0.353	0.354	0.337	0.367	0.407	0.369	0.321	0.324	0.456	0.659	0.486	0.568	0.481	0.567	0.612	0.419	0.366	0.406	0.482	0.351	0.537	0.559	0.484	0.561	0.583	0.557	0.404	0.281	0.603	0.354	0.384
Vi	0.663	0.618	0.682	0.782	0.655	0.653	0.601	0.665	0.649	0.634	0.608	0.711	0.678	0.678	0.663	0.702	0.670	0.657	0.637	0.639	0.597	0.617	0.706	0.722	0.667	0.655	0.602	0.639	0.638	0.614	0.630	0.608	0.622	0.635	0.629	0.624	0.678	0.674	0.687	0.668	0.594	0.633	0.629	0.691	0.634	0.616	0.653	0.677	0.632	0.585	0.643	0.622	0.589	0.594	0.618	0.609	0.648	0.645	0.663	0.679
Fm/Fo	6.518	4.502	6.464	7.135	4.046	6.877	5.903	7.012	5.135	4.300	5.843	7.041	4.550	7.592	3.832	7.522	6.922	6.035	5.262	4.027	6.444	3.638	6.257	6.893	6.495	3.985	5.633	5.284	6.682	5.262	5.801	5.693	6.055	5.444	6.178	6.573	6.681	5.178	3.181	4.859	3.305	4.179	3.425	2.765	5.682	5.970	5.727	5.588	6.309	4.641	4.218	4.738	3.869	3.342	3.403	5.730	7.130	4.242	6.764	6.423
Fv/Fo	5.518	3.502	5.464	6.135	3.046	5.877	4.903	6.012	4.135	3.300	4.843	6.041	3.550	6.592	2.832	6.522	5.922	5.035	4.262	3.027	5.444	2.638	5.257	5.893	5.495	2.985	4.633	4.284	5.682	4.262	4.801	4.693	5.055	4.444	5.178	5.573	5.681	4.178	2.181	3.859	2.305	3.179	2.425	1.765	4.682	4.970	4.727	4.588	5.309	3.641	3.218	3.738	2.869	2.342	2.403	4.730	6.130	3.242	5.764	5.423
Fv/Fm	0.847	0.778	0.845	0.860	0.753	0.855	0.831	0.857	0.805	0.767	0.829	0.858	0.780	0.868	0.739	0.867	0.856	0.834	0.810	0.752	0.845	0.725	0.840	0.855	0.846	0.749	0.822	0.811	0.850	0.810	0.828	0.824	0.835	0.816	0.838	0.848	0.850	0.807	0.686	0.794	0.697	0.761	0.708	0.638	0.824	0.833	0.825	0.821	0.842	0.785	0.763	0.789	0.742	0.701	0.706	0.825	0.860	0.764	0.852	0.844
Mo	0.372	0.625	0.440	0.427	0.561	0.317	0.392	0.317	0.488	0.791	0.368	0.373	0.640	0.237	0.487	0.301	0.303	0.405	0.474	0.549	0.345	0.810	0.269	0.357	0.346	0.707	0.431	0.430	0.346	0.398	0.395	0.370	0.403	0.463	0.391	0.338	0.370	0.523	0.885	0.581	0.692	0.587	0.737	0.836	0.465	0.426	0.484	0.569	0.393	0.593	0.729	0.606	0.649	0.657	0.699	0.433	0.282	0.814	0.370	0.397
Area	11601149	7621425	11795992	10987957	6703883	11226799	11609968	11682687	8487377	9127229	9508212	12928259	11341888	13787778	43358972	10595817	11417476	11077628	10191461	5933507	12163318	7640828	14063627	11782757	9156186	7894215	9857006	7426160	10724928	12101985	9848899	6964885	11735476	8666283	11925829	10794845	11815269	11373327	6596848	10694836	7965226	9431568	6721777	5066130	9497318	10595242	12394441	8680467	12086588	10304377	9222240	8499876	7635256	6847902	6709474	8357468	13697204	8373771	10273170	10917521	
Fix Area	26790900	22677816	29804152	38199508	17031210	27143132	22148570	27530746	25395332	25574252	22082434	33462860	23263620	27824696	20349440	30800818	26329386	24924318	21935022	15494165	23733126	22081632	30179090	30484524	27332288	19843302	22725776	21060874	27132610	20666510	22808148	21186394	25238736	22107060	25161932	25539364	29131284	24857096	20115556	23402540	16307959	20551746	19424650	16443637	24147254	25565490	26037324	30201390	26016938	22565164	23221588	22705218	17468060	15008532	15736933	23052686	27585048	26172934	31603694	29798950	
HACH Area	22534070	17483024	25058342	32716728	12664386	23056296	18250726	23472908	20271538	19495496	18144592	28578056	17997830	24026848	13749704	26553988	22391544	20657490	17628194	11486325	19905278	15871881	25214288	25928706	22985462	14699507	18548942	16904040	22935778	16549674	18711312	17328548	20931908	17900228	20945102	21521526	24635464	19932292	13645816	18437738	11234162	15486948	13605884	10364880	19750430	21138668	21351510	24674610	21760108	17560364	17564814	17760414	12822246	10372718	10962124	18885852	23597208	19866186	26808886	25043142	
Sm	493.897	418.875	454.882	326.643	504.051	467.433	607.470	478.877	400.594	454.996	498.517	438.083	606.713	550.740	2319.406	382.562	489.600	515.598	555.242	489.039	583.708	466.331	538.816	438.853	383.296	514.147	509.353	417.036	449.720	689.650	500.681	384.673	538.967	463.586	546.205	482.085	462.564	552.694	467.530	558.127	681.080	585.739	476.384	472.190	461.304	481.536	559.493	342.303	534.757	565.398	506.549	459.850	572.787	630.736	584.653	424.000	560.305	409.475	371.718	423.291	
Ss	0.891	0.791	0.896	0.796	0.888	0.964	0.946	0.981	0.762	0.733	0.905	0.837	0.867	1.052	0.682	0.932	0.991	0.941	0.879	0.912	0.982	0.713	0.900	0.920	0.878	0.771	0.907	0.906	0.868	0.889	0.895	0.911	0.912	0.880	0.943	0.949	0.875	0.872	0.745	0.837	0.820	0.820	0.769	0.732	0.901	0.858	0.839	0.847	0.891	0.905	0.767	0.798	0.864	0.887	0.797	0.932	0.996	0.740	0.957	0.967	
N	554.547	529.311	507.630	410.161	567.705	484.736	642.347	488.282	525.445	620.318	551.030	523.493	699.905	523.608	3400.301	410.588	493.867	548.206	631.945	536.485	594.556	653.849	598.400	477.135	436.603	666.763	561.859	460.128	517.909	776.162	559.462	422.371	591.273	526.822	579.468	508.107	528.357	633.667	627.731	666.732	830.425	714.651	619.692	645.118	511.799	560.964	666.693	404.245	599.932	624.828	660.267	576.317	663.018	710.936	733.309	454.910	562.833	553.234	388.495	437.728	
Phi_Po	0.847	0.778	0.845	0.860	0.753	0.855	0.831	0.857	0.805	0.767	0.829	0.858	0.780	0.868	0.739	0.867	0.856	0.834	0.810	0.752	0.845	0.725	0.840	0.855	0.846	0.749	0.822	0.811	0.850	0.810	0.828	0.824	0.835	0.816	0.838	0.848	0.850	0.807	0.686	0.794	0.697	0.761	0.708	0.638	0.824	0.833	0.825	0.821	0.842	0.785	0.763	0.789	0.742	0.701	0.706	0.825	0.860	0.764	0.852	0.844	
Psi_o	0.669	0.506	0.606	0.660	0.502	0.694	0.629	0.689	0.628	0.420	0.667	0.688	0.445	0.750	0.668	0.720	0.700	0.620	0.584	0.500	0.662	0.423	0.758	0.672	0.697	0.455	0.609	0.610	0.699	0.647	0.646	0.663	0.633	0.593	0.631	0.679	0.676	0.544	0.341	0.514	0.432	0.519	0.433	0.388	0.581	0.634	0.594	0.518	0.649	0.463	0.441	0.516	0.439	0.417	0.443	0.596	0.719	0.397	0.646	0.616	
Phi_Eo	0.566	0.393	0.512	0.568	0.378	0.593	0.523	0.591	0.506	0.322	0.553	0.590	0.347	0.651	0.494	0.624	0.599	0.517	0.473	0.376	0.559	0.306	0.637	0.575	0.589	0.341	0.501	0.495	0.595	0.524	0.535	0.547	0.528	0.484	0.529	0.576	0.575	0.439	0.234	0.408	0.301	0.395	0.307	0.248	0.479	0.528	0.490	0.425	0.546	0.364	0.337	0.407	0.326	0.292	0.313	0.492	0.618	0.304	0.551	0.520	
Phi_Do	0.153	0.222	0.155	0.140	0.247	0.145	0.169	0.143	0.195	0.233	0.171	0.142	0.220	0.132	0.261	0.133	0.144	0.166	0.190	0.248	0.155	0.275	0.160	0.145	0.154	0.251	0.178	0.189	0.150	0.190	0.172	0.176	0.165	0.184	0.162	0.152	0.150	0.193	0.314	0.206	0.303	0.239	0.292	0.362	0.176	0.167	0.175	0.179	0.158	0.215	0.237	0.211	0.258	0.299	0.294	0.175	0.140	0.236	0.148	0.156	
Phi_Pav	925.820	926.683	934.136	931.181	921.862	925.486	931.577	929.715	917.405	939.615	914.933	935.870	943.676	934.665	860.706	917.258	927.474	931.859	933.755	915.302	927.580	935.135	939.954	934.182	922.257	935.621	927.614	909.814	929.055	928.485	917.531	901.836	934.267	919.350	931.180	925.547	932.902	945.591	938.310	939.891	946.924	944.782	932.706	937.165	923.473	928.776	939.356	931.794	934.348	940.545	938.888	926.388	940.495	937.193	934.886	917.159	941.555	943.717	927.227	936.503	
Pi_Abs	8.405	2.206	6.364	8.157	2.054	10.987	6.532	11.200	4.289	1.344	7.275	9.558	1.927	18.086	2.871	13.519	11.712	6.433	4.256	2.071	8.832	0.999	12.445	9.498	9.371	1.440	5.392	4.930	9.761	5.612	6.496	6.931	6.629	4.642	7.009	9.483	8.826	3.502	0.576	2.714	1.004	2.138	1.009	0.523	4.824	6.162	4.783	3.428	7.374	2.232	1.486	2.510	1.438	1.041	1.077	5.377	13.425	1.210	8.593	7.096	
ABS/RC	1.326	1.624	1.320	1.460	1.496	1.213	1.273	1.189	1.629	1.776	1.334	1.393	1.479	1.095	1.984	1.238	1.179	1.274	1.405	1.459	1.206	1.934	1.322	1.272	1.346	1.731	1.341	1.361	1.354	1.389	1.350	1.332	1.314	1.392	1.266	1.243	1.343	1.421	1.958	1.504	1.748	1.604	1.837	2.140	1.346	1.399	1.444	1.438	1.333	1.409	1.708	1.589	1.561	1.608	1.776	1.300	1.168	1.768	1.226	1.225	
TRo/RC	1.123	1.264	1.116	1.256	1.126	1.037	1.057	1.020	1.312	1.363	1.105	1.195	1.154	0.951	1.466	1.073	1.009	1.063	1.138	1.097	1.019	1.402	1.111	1.087	1.139	1.297	1.103	1.103	1.152	1.125	1.117	1.098	1.097	1.136	1.061	1.054	1.142	1.147	1.343	1.195	1.219	1.220	1.301	1.366	1.109	1.165	1.192	1.181	1.122	1.105	1.303	1.253	1.158	1.127	1.254	1.073	1.005	1.351	1.045	1.034	
ETo/RC	0.751	0.639	0.676	0.829	0.566	0.720	0.665	0.703	0.824	0.572	0.737	0.822	0.514	0.713	0.979	0.772	0.706	0.659	0.665	0.548	0.674	0.593	0.842	0.731	0.793	0.590	0.672	0.673	0.805	0.728	0.722	0.728	0.694	0.673	0.670	0.716	0.772	0.623	0.458	0.614	0.527	0.633	0.563	0.530	0.645	0.739	0.707	0.612	0.728	0.512	0.575	0.647	0.508	0.470	0.556	0.640	0.722	0.537	0.676	0.637	
DIo/RC	0.203	0.361	0.204	0.205	0.370	0.176	0.216	0.170	0.317	0.413	0.228	0.198	0.325	0.144	0.518	0.165	0.170	0.211	0.267	0.362	0.187	0.531	0.211	0.184	0.207	0.434	0.238	0.258	0.203	0.264	0.233	0.234	0.217	0.256	0.205	0.189	0.201	0.274	0.616	0.310	0.529	0.384	0.536	0.774	0.237	0.234	0.252	0.257	0.211	0.303	0.405	0.335	0.403	0.481	0.522	0.227	0.164	0.417	0.181	0.191	
